7.540311438311448
7.624169673768865
7.801750729198528
7.861239382190254
7.758291843668031
7.608139906307636
7.801970219979916
7.6219409136117156
7.800420482038606
7.934762142719161
7.8614588729716415
7.861013240173068
7.757633082139705
7.771673840912685
7.667182926500788
7.550194918389749
7.741823094644028
7.415832997021683
7.366764373296729
7.698364209113532
7.787044846845587
7.473332641325159
7.621501932048941
7.699242461423245
7.608139906307636
7.48915623827255
7.8021897107613025
7.8467529906187
7.578469014793785
7.668293682879322
7.6674090685179745
7.712630820719533
7.637771161794905
7.639760170483154
7.7567484677783565
7.727769322583614
7.608558916367063
7.772338964492646
7.547293787252562
7.35339598550379
7.59275529092302
7.890870637677524
7.4289343774600916
7.3334423647277935
7.713954705827821
7.228718350082795
7.42989372729801
7.729312698473289
7.518987013037858
7.38393211603992
7.787923099155301
7.68322570724945
7.728441097399375
7.876164755324583
7.639534317650132
7.593660165971881
7.3255820714766395
7.772545441986599
7.577816904501258
7.6246153065674385
7.87638424610597
7.50180502769647
7.2869605762609595
7.786379723265626
7.549063901323702
7.652463434696133
7.92072138394618
7.272842359193254
7.712384707198999
7.639966647977108
7.47419063294736
7.621481671361429
7.772106460423825
7.6533683097449945
7.772778235239586
7.564015897197177
7.72733034102084
7.636146688377025
7.667388807830461
7.667601936560214
7.772558455274034
7.698583699894918
7.668726302390462
7.440046153045972
7.5192001417676115
7.322440844908232
7.503848511173778
7.578488679317019
7.65312219622446
7.63974715719572
7.876164755324583
7.698590061946553
7.861897854534416
7.728214955382189
7.638649414104619
7.6834321847434035
7.48868338657055
7.504074653190965
7.757859224156892
7.476446015843656
7.711725945670672
7.549536156861423
7.287832177334874
7.322160228101986
7.475541140794796
7.532368414118233
7.443681125150377
7.519000026325292
7.578701518862606
7.712384707198999
7.668506811609076
7.321219236599099
7.7881425899366885
7.593866643465834
7.682986551944829
7.697705447585205
7.772119473711259
7.475960747018502
7.68255393243369
7.6386560653404185
7.653807580491934
7.386634361045553
7.370391464854571
7.427810011629843
7.697911925079158
7.667835036793314
7.650639442000213
7.684097308323365
7.654233548767274
7.653574787238947
7.802196361997103
7.63931453768458
7.69924882347488
7.607893792787101
7.533931761511255
7.62372404097029
7.1756232913426485
7.520111378868107
7.548185649013988
7.410126016348341
7.639095046903193
7.280106325207983
7.77321721680236
7.682547570382056
7.396325009044261
7.60352430667376
7.6243828024986176
7.681402943864295
7.62329142145915
7.517176033629372
7.713515724265047
7.52055701166668
7.699016319406059
7.6081262968559225
7.891309619240298
7.683445198030838
7.698803190676306
7.473717148098876
6.886911613728973
7.263151711194546
7.638436285374866
7.5348036517693355
7.516271158580512
7.6513390688658856
7.502915784075006
7.624169673768865
7.249644333984143
7.50406163990353
7.592968419652773
7.594971037792735
7.68274680047593
7.533486417896847
7.695635341368751
7.667601936560214
7.323606076075825
7.846972481400088
7.457914751965598
7.531875264746514
7.60925066268617
7.638429923323232
7.69745933406467
7.831381984685798
7.504946254264879
7.846087867038739
7.442515893982785
7.711286964107898
7.669171935189036
7.63932118892038
7.606110665428526
7.8614588729716415
7.669824045481564
7.861013240173068
7.786825356064201
7.772771584003786
7.608571929654497
7.638403300584084
7.8311624939044115
7.846526848601513
7.414222133055516
7.425949613295732
7.802635343559877
7.739313717680635
7.7126178074321
7.7266579700408
7.698809841912105
7.548185649013988
7.533679285939087
7.564215416475218
7.533047147149907
7.636852677294331
7.141897821500686
7.607906806074535
7.475554750246509
7.697465696116305
7.697020063317732
7.90601550159324
7.623264798720004
7.654679181565848
7.712843949449286
7.8164566115514695
7.68231418096479
7.861891492482782
7.832047108265759
7.039675914561398
7.609011796565715
7.684310437053117
7.6528960542072735
7.772997726020973
7.74291418649933
7.681642695333194
7.533912386172187
7.742042585425415
7.65292267694642
7.5490769146111365
7.69857704865912
7.533925399459621
7.353855227754076
7.549310014844236
7.6528960542072735
7.78725797557534
7.608106921516854
7.668726302390462
7.683425533507604
7.5626517798980295
7.697465696116305
7.8467529906187
7.516510910049412
7.607400047251104
7.667614949847648
7.653581438474747
7.757413591358318
7.639973299212906
7.682540322981977
7.801744077962729
7.636181191662736
7.459045769031645
7.757846210869458
7.513752287902239
7.515069521774727
7.517395524410761
7.593646556520168
7.682753451711729
7.172624284580091
7.668074192097935
7.528897151817954
7.534610783727095
7.771673840912685
7.8168955931142445
7.728660588180762
7.683219056013651
7.69924882347488
7.74315334180395
7.682767061163442
7.3991244965287795
7.6983705711651655
7.7881425899366885
7.473052024518915
7.742707709005376
7.802183348709669
7.593414052451347
7.4576607578985
7.562617565796485
7.441101128447246
7.608119934804288
7.71328958224786
7.4845600139777435
7.68255393243369
7.548877395333097
7.504507272702105
7.622845788660577
7.652463434696133
7.7424815669881895
7.366248120758418
7.639527666414333
7.682986551944829
7.666504193469113
7.654692194853282
7.534358018970761
7.6834321847434035
7.502943636124916
7.801750729198528
7.381916484612523
7.605637180580041
7.712630820719533
7.592309658124446
7.594511795542449
7.6103420437256375
7.445437629769805
7.413323620058289
7.6203430629329825
7.475122130735369
7.71328958224786
7.802196361997103
7.4884775052408745
7.337592360059746
7.593647152684447
7.578508650820366
7.831381984685798
7.637065806024084
7.668726302390462
7.801970219979916
7.35175536713523
7.815551736502609
7.831827617484372
7.459511373333567
7.875938613307396
7.501591898966717
7.653774306516987
7.87638424610597
7.382807750209672
7.623045307938616
7.490699614162224
7.592974781704408
7.563769783676643
7.608339425585675
7.622380184358655
7.772558455274034
7.8467529906187
7.548837759306515
7.5651000308365655
7.607906806074535
7.0975315254223625
7.550860041969711
7.684310437053117
7.816676102332857
7.378670768165152
7.47665249333761
7.638416313871518
7.488642521233205
7.411334015205761
7.637997303812092
7.38439923883677
7.669165573137402
7.564242039214364
7.698583699894918
7.548405139795376
7.698364209113532
7.609896410927064
7.787270988862774
7.486666525832389
7.565559273086853
7.652257553366459
7.725766704443652
7.742694695717942
7.7859204810153395
7.786599214047014
6.994407263808579
7.625047926078579
7.561965166319792
7.6081262968559225
7.772552093222399
7.518314642057819
7.637751190291557
7.713735215046434
7.427371030067069
7.394994761884339
7.63753169951017
7.505618625244918
7.518341264796966
7.8168955931142445
7.60968328219731
7.474217255686508
7.607015540477388
7.65292267694642
7.935207775517735
7.456603880144744
7.81688923106261
7.816676102332857
7.409680383549768
7.698350906641933
7.595636161372696
7.713509073029247
7.7433664705337035
7.7279954646008004
7.605177938329755
7.727775684635249
7.476206860539036
7.505199019021212
7.487805134260835
7.514837017705906
7.667821427341601
7.92072138394618
7.667628559299361
7.548118160937497
7.694757089059037
7.8168955931142445
7.787044846845587
7.63733218023213
7.861013240173068
7.920495241928994
7.577384284990117
7.727556193853862
7.683445198030838
7.2760399629032015
6.967273497364214
7.772345615728446
7.471934020740301
7.623045307938616
7.350411221339429
7.428070367748575
7.519898250138354
7.532801033629372
7.651352678317598
7.425723760462709
7.7567484677783565
7.712850311500921
6.342751522442575
1.3468004218004217
